Albania;29;8;12;16;22;42
Algeria;35.3;2;6;11;20;61
Argentina;43.6;4;8;13;21;54
Armenia;30.3;8;13;17;22;40
Australia;30.5;8;13;17;23;39
Austria;26;10;14;18;22;36
Azerbaijan;33.7;13;16;18;21;32
Bangladesh;32.1;9;12;16;21;42
Belarus;26.5;9;13;17;22;39
Belgium;33;9;14;18;23;36
Belize;53.1;7;11;15;21;46
Bhutan;38.1;5;9;13;20;53
Bolivia;56.3;3;7;11;18;61
Bosnia and Herzegovina;36.2;7;11;16;23;43
Botswana;61;3;6;10;16;65
Brazil;54.7;3;7;12;19;59
Bulgaria;28.2;6;12;17;23;42
Burkina Faso;39.8;7;10;15;20;48
Burundi;33.3;9;12;15;21;43
Cambodia;37.9;6;10;13;19;52
Cameroon;38.9;6;9;13;19;53
Canada;32.6;7;13;17;23;40
Cape Verde;50.5;5;8;12;19;56
Central African Republic;56.3;5;9;14;21;51
Chad;39.8;6;10;15;21;48
Chile;52.1;4;7;12;19;58
China;42.1;6;10;14;22;48
Colombia;53.5;2;6;11;19;62
Congo, Rep of;47.3;5;8;13;21;53
Costa Rica;50.7;4;9;13;20;54
Côte d'Ivoire;41.5;5;9;13;20;53
Croatia;33.7;9;13;17;23;38
Czech Republic;26;10;15;18;22;35
Congo, Rep Dem of;44.4;6;9;14;21;50
Denmark;24;9;15;19;23;34
Djibouti;40;6;11;16;22;45
Dominican Republic;47.2;4;9;13;20;54
Ecuador;49.3;3;7;12;19;59
Egypt;30.8;9;13;16;21;41
El Salvador;48.3;4;9;14;21;52
Estonia;36;7;12;17;23;41
Ethiopia;29.8;9;13;17;21;40
Finland;26.9;10;14;18;22;36
France;32.7;9;14;18;22;37
Gabon;41.5;20;20;20;20;20
Georgia;41.3;20;20;20;20;20
Germany;30.6;20;20;20;20;20
Ghana;42.8;20;20;20;20;20
Greece;34.3;20;20;20;20;20
Guatemala;55.9;20;20;20;20;20
Guinea;39.4;20;20;20;20;20
Guinea-Bissau;35.5;20;20;20;20;20
Guyana;44.5;20;20;20;20;20
Haiti;59.2;20;20;20;20;20
Honduras;57;20;20;20;20;20
Hong Kong;53.3;20;20;20;20;20
Hungary;31.2;20;20;20;20;20
India;33.9;20;20;20;20;20
Indonesia;34;20;20;20;20;20
Iran;38.3;20;20;20;20;20
Iraq;30.9;20;20;20;20;20
Ireland;34.3;20;20;20;20;20
Israel;39.2;20;20;20;20;20
Italy;36;20;20;20;20;20
Jamaica;45.5;20;20;20;20;20
Japan;38.1;20;20;20;20;20
Jordan;35.4;20;20;20;20;20
Kazakhstan;29;20;20;20;20;20
Kenya;47.7;20;20;20;20;20
Kyrgyzstan;36.2;20;20;20;20;20
Laos;36.7;20;20;20;20;20
Latvia;36.6;20;20;20;20;20
Lesotho;52.5;20;20;20;20;20
Liberia;38.2;20;20;20;20;20
Lithuania;37.6;20;20;20;20;20
Luxembourg;30.8;20;20;20;20;20
Macedonia;43.2;20;20;20;20;20
Madagascar;44.1;20;20;20;20;20
Malawi;39;20;20;20;20;20
Malaysia;46.2;20;20;20;20;20
Maldives;37.4;20;20;20;20;20
Mali;33;20;20;20;20;20
Mauritania;40.5;20;20;20;20;20
Mexico;47;20;20;20;20;20
Moldova;33;20;20;20;20;20
Mongolia;36.5;20;20;20;20;20
Montenegro;30;20;20;20;20;20
Morocco;40.9;20;20;20;20;20
Mozambique;45.7;20;20;20;20;20
Namibia;63.9;20;20;20;20;20
Nepal;32.8;20;20;20;20;20
Netherlands;30.9;20;20;20;20;20
New Zealand;36.2;20;20;20;20;20
Nicaragua;40.5;20;20;20;20;20
Niger;34.6;20;20;20;20;20
Nigeria;48.8;20;20;20;20;20
Norway;25.8;20;20;20;20;20
Pakistan;30;20;20;20;20;20
Palestine;35.5;20;20;20;20;20
Panama;51.9;20;20;20;20;20
Papua New Guinea;50.9;20;20;20;20;20
Paraguay;52.4;20;20;20;20;20
Peru;48.1;20;20;20;20;20
Philippines;43;20;20;20;20;20
Poland;34.1;20;20;20;20;20
Portugal;38.5;20;20;20;20;20
Qatar;41.1;20;20;20;20;20
Romania;30;20;20;20;20;20
Russia;40.1;20;20;20;20;20
Rwanda;50.8;20;20;20;20;20
Sao Tome and Principe;50.8;20;20;20;20;20
Senegal;39.2;20;20;20;20;20
Serbia;27.8;20;20;20;20;20
Seychelles;65.8;20;20;20;20;20
Sierra Leone;42.5;20;20;20;20;20
Singapore;48.1;20;20;20;20;20
Slovakia;26;20;20;20;20;20
Slovenia;31.2;20;20;20;20;20
South Africa;63.1;20;20;20;20;20
South Korea;31.3;20;20;20;20;20
South Sudan;45.5;20;20;20;20;20
Spain;34.7;20;20;20;20;20
Sri Lanka;36.4;20;20;20;20;20
St. Lucia;42.6;20;20;20;20;20
Sudan;35.3;20;20;20;20;20
Suriname;52.9;20;20;20;20;20
Swaziland;51.5;20;20;20;20;20
Sweden;25;20;20;20;20;20
Switzerland;33.7;8;13;17;22;40
Syria;35.8;20;20;20;20;20
Tajikistan;30.8;20;20;20;20;20
Tanzania;37.6;20;20;20;20;20
Thailand;40;20;20;20;20;20
The Gambia;47.3;20;20;20;20;20
Timor-Leste;31.9;20;20;20;20;20
Togo;34.4;20;20;20;20;20
Trinidad and Tobago;40.3;20;20;20;20;20
Tunisia;41.4;20;20;20;20;20
Turkey;39;20;20;20;20;20
Turkmenistan;40.8;20;20;20;20;20
Uganda;44.3;20;20;20;20;20
Ukraine;26.4;20;20;20;20;20
United Kingdom;34;20;20;20;20;20
United States;48;20;20;20;20;20
Uruguay;39.7;20;20;20;20;20
Uzbekistan;36.7;20;20;20;20;20
Venezuela;44.8;20;20;20;20;20
Vietnam;35.6;20;20;20;20;20
Yemen;37.7;20;20;20;20;20
Zambia;54.6;20;20;20;20;20
Zimbabwe;50.1;20;20;20;20;20
