Australia;62.2;100;61;0;0;0
Canada;68.8;100;69;50;36;16
Chile;77.7;100;65;44;0;0
China;55;100;59;41;0;0
Denmark;80.8;100;99;76;56;29
France;73;100;0;62;0;24
Germany;66.7;100;67;47;0;0
India;66.9;100;70;53;38;16
Indonesia;76.4;100;79;65;56;29
Italy;60.9;100;59;42;29;12
Japan;54.7;100;58;39;0;0
Korea;57.9;100;60;43;31;14
Netherlands;65;100;79;63;0;0
New Zealand;65.1;100;67;48;0;0
Norway;63.3;100;80;65;0;0
Spain;57;100;0;42;0;0
Sweden;74.2;100;0;67;49;24
Switzerland;80.3;100;0;71;58;35
Thailand;71;100;69;0;0;0
United Kingdom;69.7;100;63;44;31;13
United States;80.1;100;83;72;60;34